.Random.seed <-
c(403L, 10L, -829844022L, 1228430124L, 505893679L, -1019721243L, 
-1658743652L, 85893362L, 1822374253L, -178063705L, 539621582L, 
-1327147480L, 353328683L, 1449473097L, -1526315688L, -625337338L, 
-864346655L, -903714957L, 380691426L, 814566228L, -1264859561L, 
1648361037L, -1205407260L, -1824863286L, 551022133L, 1672098959L, 
-2136089194L, 77611328L, -997434365L, -2044699103L, 1301113104L, 
747734766L, -324724071L, 1495208747L, 2089401882L, -1318316836L, 
2127898847L, 1158481589L, 327630924L, 1321057442L, -1266611203L, 
1171921143L, -385909218L, -1589997352L, 773731387L, 1926127065L, 
2133658472L, 1112008342L, 1151385617L, -412704317L, 1314377170L, 
-127916956L, 1707430823L, 139738365L, 1976195316L, 857436122L, 
-1322253531L, -1644006849L, -2119870010L, 371273296L, 2063590003L, 
-2037590383L, 1991175872L, -280135522L, 864130153L, 373997723L, 
784482730L, -344811060L, 738833551L, -1743778619L, 1271127164L, 
464228562L, -1896435635L, 988252423L, 1043201262L, 2137888200L, 
-307946805L, 702841641L, 214590328L, -182224730L, 1658520257L, 
-237587629L, -1720705022L, -747631308L, -1230649673L, -1765754195L, 
1722629060L, -1747557398L, 60460117L, 656765423L, -168437258L, 
-1656750304L, 857411811L, -929249919L, 1676616688L, -568137074L, 
-1105232391L, 613826443L, -2066285638L, -1489968452L, -581305857L, 
967190357L, 512401516L, -2009828158L, -515694819L, 1339757975L, 
-1478884098L, -826913096L, -760598373L, 1011924729L, -459403192L, 
1810522998L, 3831473L, 1680414435L, 1606231474L, 568118788L, 
-603413177L, -2058887139L, -104634732L, -234181062L, 1298899077L, 
-1175214753L, -820621850L, 1238508656L, -526764141L, 1785036849L, 
580996832L, -673552514L, 1237917193L, -162875845L, 1856391178L, 
1336326124L, -889127825L, -715172955L, -985156772L, -227786958L, 
1454190125L, -495524633L, -66984434L, 1566391272L, -8682005L, 
1266650761L, 417881624L, -968796858L, 1461797793L, 94940723L, 
1715798946L, -1864984940L, 29947159L, -402500851L, -1211596252L, 
1969015306L, -235359371L, 1287689935L, -2124826154L, -2053417600L, 
979324355L, 1934240609L, -676023856L, 1255647534L, 832073945L, 
-1480291605L, -333211814L, 795316508L, -494094305L, -1656044427L, 
-777641716L, 641952994L, 810509757L, -588303817L, 414097630L, 
-1080718312L, -41847941L, -1215610087L, -1050042456L, -478003370L, 
-1347139631L, 1721930627L, 40080914L, 2079224228L, -520067737L, 
149129917L, 1839794740L, 247845274L, -1213288987L, 1429154175L, 
2086256902L, 2116975248L, 1564453683L, -335965999L, 1193149056L, 
301937502L, 1189552297L, -1944427685L, 231231850L, 1621160972L, 
1773048911L, -1095310075L, 625264060L, 263803026L, 444760973L, 
743846855L, 878020782L, 2069367048L, -916818165L, -792981015L, 
-1710123336L, -865132186L, -1447550463L, 808557715L, -1445509310L, 
757504244L, 1217844471L, -613978899L, -711409788L, -2136288854L, 
1310426901L, -2032560721L, 1230339510L, -255310880L, -2057745629L, 
1424796737L, -1764778192L, -1226273458L, -837972039L, 2106689995L, 
1054272122L, -878911620L, -38948929L, 2092249984L, 491353620L, 
-1945440728L, -1627333318L, 160738768L, 793348204L, -923925196L, 
-2019808622L, -1705291936L, -1838190772L, -1426462752L, 1049820066L, 
1340447656L, -1393215092L, 1923136700L, -414629518L, -1174132496L, 
1720408132L, 1769366872L, 58526266L, 1548783472L, -1368765380L, 
-1048247532L, 915113410L, 1257082592L, 204942204L, 1717957328L, 
-101159774L, -642662360L, 2103539980L, 1869663164L, 2049228082L, 
-918838848L, -905250252L, -576024632L, 1884732602L, -696634992L, 
572621292L, 134329940L, 29512850L, 1045201696L, -1997946420L, 
-41978400L, 467265218L, -1313241048L, 1209276076L, -452190020L, 
-1552278030L, -1415754448L, -867081052L, -256410952L, 434657626L, 
-2039543408L, 1349822332L, 1046653204L, -898212030L, 1819881216L, 
883573692L, -1881189552L, -527220958L, -4627128L, -720368116L, 
-1729726372L, 1904546002L, -2004054528L, -737144492L, -1100079640L, 
-34702342L, -1025909552L, 1506490668L, 1844840180L, 499211666L, 
-1067614112L, 889246988L, 304577248L, 1398717794L, -279289176L, 
-1418696116L, -390744708L, -811542222L, 853773424L, -1876407484L, 
1075405272L, -1495542662L, -1496701392L, -1598946628L, -1891929260L, 
1722069058L, 1637321120L, -1850100036L, -1997374000L, -846398110L, 
-1557952536L, -1241993268L, 1603797756L, 201602546L, 1814940800L, 
-2097211148L, 366500488L, 768273210L, -1435351216L, -1645995412L, 
75421844L, 1793941842L, 2073835232L, -1309522228L, 771631264L, 
1778116482L, 447366888L, 1108537068L, -773394372L, 1798121074L, 
-338242448L, 1111222820L, 604870712L, -252973030L, 661382864L, 
-598672324L, -1830753132L, -777664382L, 1220136896L, 1973541180L, 
1939355280L, 756064290L, -1328064504L, -557249396L, -1136978916L, 
-1924863342L, -697094016L, 633205780L, 206129448L, -642913734L, 
1998959824L, -1787054996L, -991297868L, -282736622L, 886122464L, 
605983692L, 346574304L, 1556644386L, -737919704L, -55495412L, 
-1987891652L, 737845490L, -293916944L, -56668348L, -909984168L, 
-1447552454L, 266034928L, 1713459388L, 1070998036L, 373204162L, 
1618261088L, -606347908L, -355893040L, 223392802L, 974581416L, 
6505356L, -2047025732L, -1659614158L, 252340032L, 316142772L, 
982968136L, -1667827014L, 603152144L, 706833644L, -842066860L, 
-395849966L, -1038841952L, -523398196L, 394953568L, -215870270L, 
1955419688L, -681265748L, 1780026172L, 1011783538L, -1957030096L, 
1392645668L, 1444459576L, 292655322L, -887298672L, 1228925692L, 
2104337300L, 1688872770L, -1831662080L, 1845073468L, -1011983792L, 
-1271585118L, -1934474424L, 1855320588L, -1435473700L, -2055263662L, 
-1491529600L, 660319060L, -1210255896L, -171720966L, -1024857264L, 
1046649900L, -1599297164L, 1505089170L, -232403360L, 892692108L, 
1535297376L, -688772382L, 62320808L, -1645728564L, 36766204L, 
1768918962L, 1521551856L, 1897682372L, -1255154856L, -216469638L, 
1743914416L, -1034492484L, -240917420L, -819030078L, -670779616L, 
-974230596L, 1000801872L, 1572588002L, 521110888L, -49775284L, 
1213691132L, 868641522L, -235044096L, -302715276L, 408007688L, 
348070575L, -1604328600L, -1782964410L, 107579123L, 1006323797L, 
-2121878478L, -1853779456L, 1051271913L, -1238697637L, 418198444L, 
-1971056710L, -1234966161L, 1003594489L, 1542556558L, 201438812L, 
1629676749L, -976573385L, -1503230272L, 953803166L, -2107319701L, 
1412465133L, 321146970L, -778944744L, -483359615L, 2003509811L, 
-582123436L, 1285981282L, 1120914167L, -293251775L, -764202042L, 
51515652L, -1982828363L, -220332129L, 1537290232L, -1045962282L, 
-97994653L, -951923675L, -703370302L, 1095442608L, -914191143L, 
311642699L, 1144572092L, -1173852438L, -1558479073L, -1975255127L, 
-1506240194L, -1685651412L, 2094190205L, -1118416697L, 981097904L, 
-1476962354L, -825651973L, -794608803L, -610664310L, 1458933416L, 
1186312721L, 157262595L, -312494588L, -1553922510L, 767153799L, 
-935445807L, 2059660374L, -1146018764L, -1316755643L, -639971953L, 
168426760L, -646750426L, 1967538131L, -40701643L, -290527086L, 
1897687136L, -1188692535L, -1556482821L, -906994996L, 272228186L, 
-1392956849L, -395923687L, 497772846L, -388973764L, 374194349L, 
2015544151L, 1977132704L, 214126590L, 854034123L, -2087892787L, 
275319802L, -139814856L, -560594463L, 1855228563L, 662118580L, 
-1332743742L, 1010588119L, -335559135L, 1701903846L, 355054820L, 
-643134443L, 1955073087L, 867410904L, 1792292342L, -86051325L, 
-977260219L, 856700258L, 222676688L, -1329503751L, 710377771L, 
2025360028L, 266248394L, -1281898049L, 1747811593L, -886292962L, 
-813947956L, -1064603235L, -181679065L, -1743998384L, 631512814L, 
512530331L, 246818301L, 166975722L, -49058936L, 1112991025L, 
659676579L, -1803441756L, 959786066L, -2052827225L, -630692879L, 
719722294L, -337185836L, 494115173L, -1101798033L, -1616758872L, 
844086534L, 2055242803L, 744448661L, 418845426L, -37659840L, 
1304637609L, 1798354203L, -1308470548L, 461410042L, -43598033L, 
-1268646087L, 2077344078L, -535076964L, -1937109747L, -1833871497L, 
172086144L, -753366562L, 2108092075L, 792752557L, -1843378662L, 
